   52 54 00 12 35 02 08 00 27 6b fc 25 08 00 45 00
   00 54 83 ad 40 00 40 01 e3 25 0a 00 02 0f ac d9
   1a ee 08 00 a0 34 18 c6 00 01 01 4c f5 59 00 00
   00 00 87 8b 02 00 00 00 00 00 10 11 12 13 14 15
   16 17 18 19 1a 1b 1c 1d 1e 1f 20 21 22 23 24 25
   26 27 28 29 2a 2b 2c 2d 2e 2f 30 31 32 33 34 35
   36 37
   ;
   52 54 00 12 35 02 08 00 27 6b fc 25 08 00 45 00
   00 43 81 15 40 00 40 11 3b 3f 0a 00 02 0f 74 48
   fd fe de b4 00 35 00 2f 7e 96 92 e4 01 00 00 01
   00 00 00 00 00 01 06 67 6f 6f 67 6c 65 03 63 6f
   6d 00 00 01 00 01 00 00 29 02 00 00 00 00 00 00
   00
   ;
   08 00 27 6b fc 25 52 54 00 12 35 02 08 00 45 00
   00 7a 31 ec 00 00 40 11 81 17 7d 63 3d fe 0a 00
   02 0f 00 35 d6 d9 00 66 ee 3f a8 ee 81 80 00 01
   00 01 00 00 00 01 02 31 34 03 32 32 30 02 35 38
   03 32 31 36 07 69 6e 2d 61 64 64 72 04 61 72 70
   61 00 00 0c 00 01 c0 0c 00 0c 00 01 00 01 3f 5d
   00 1b 0f 62 6f 6d 30 35 73 30 35 2d 69 6e 2d 66
   31 34 05 31 65 31 30 30 03 6e 65 74 00 00 00 29
   10 00 00 00 00 00 00 00
;

   08 00 27 6b fc 25 52 54 00 12 35 02 08 00 45 00
   00 28 31 e6 00 00 40 06 85 0a 5b bd 5c 14 0a 00
   02 0f 01 bb e9 00 04 b0 44 b1 d0 45 d4 3b 50 11
   ff ff 13 55 00 00 00 00 00 00 00 00
;